[ColorIntrinsic]
fx=729.238656
fy=721.838670
cx=606.903077
cy=530.322683
width=1280
height=800
[ColorDistortion]
k1=-0.157369
k2=0.084612
k3=-0.011195
k4=0.000000
k5=0.000000
k6=0.000000
p1=-0.004771
p2=0.000461

